user_id,food_code,quantity,year,month,day,hour,minute,second
14,8-435,2.41,2025,11,10,12,47,51
5,112-1377,1.82,2025,11,15,09,33,22
18,15-519,0.73,2025,11,20,21,14,10
7,19-787,2.67,2025,11,28,06,45,03
11,4-414,1.55,2025,12,1,15,29,41
2,9-1074,0.31,2025,11,25,11,22,19
6,168-1726,1.94,2025,11,17,17,02,44
19,11-936,0.82,2025,11,12,08,11,59
3,13-250,2.57,2025,11,23,18,40,33
12,7-394,0.66,2025,11,27,13,55,06
16,2-208,0.48,2025,11,30,20,13,22
8,14-368,2.33,2025,11,29,16,41,01
1,10-740,1.11,2025,11,14,10,59,57
20,15-1338,0.27,2025,11,18,22,50,20
10,81-914,3.0,2025,11,21,07,19,08
15,70-1597,2.18,2025,11,10,19,43,39
4,112-1436,0.71,2025,11,26,05,34,55
17,122-1507,2.77,2025,11,16,23,44,18
9,23-759,1.05,2025,11,19,12,16,50
13,47-992,2.29,2025,11,24,14,31,12
6,27-1108,1.72,2025,11,22,10,46,27
2,168-1727,0.93,2025,11,11,18,57,34
19,333-1781,1.64,2025,11,13,09,29,49
8,9-343,2.82,2025,11,20,16,14,05
5,112-1347,0.52,2025,11,10,22,11,53
14,4-970,1.36,2025,11,28,08,55,38
1,168-1733,2.44,2025,11,15,20,07,14
11,15-534,1.03,2025,11,17,06,19,22
7,20-1007,0.74,2025,11,21,14,55,31
12,10-416,2.13,2025,11,30,17,42,03
4,6-888,1.82,2025,11,12,10,50,17
16,25-1058,0.94,2025,11,29,09,44,29
10,14-617,1.57,2025,11,18,15,07,36
20,22-904,2.61,2025,11,26,19,31,48
15,17-1326,0.88,2025,11,14,07,26,59
3,112-1397,2.93,2025,11,24,13,52,44
18,10-623,1.14,2025,11,13,22,18,05
9,6-821,2.49,2025,11,22,11,28,55
13,23-764,0.29,2025,11,27,06,43,41
6,15-537,1.17,2025,11,25,16,10,58
5,333-1780,2.76,2025,11,30,21,59,09
19,26-986,0.85,2025,11,19,05,12,32
8,8-278,2.34,2025,11,23,18,51,11
2,70-1591,1.65,2025,11,16,20,34,28
14,20-925,0.44,2025,11,11,07,54,43
1,168-1735,1.91,2025,11,28,13,25,16
11,112-1387,0.62,2025,11,10,15,21,54
7,12-609,2.05,2025,11,24,19,03,57
12,19-1015,1.89,2025,11,22,12,33,40
4,4-580,0.56,2025,11,29,17,57,02
16,25-1079,1.44,2025,11,15,09,39,35
10,14-613,2.19,2025,11,13,13,48,26
20,112-1430,0.77,2025,11,21,23,11,14
15,17-1340,1.51,2025,11,18,12,20,09
3,122-1506,2.08,2025,11,26,10,06,58
18,10-414,1.22,2025,11,30,19,51,47
9,6-859,2.80,2025,11,12,16,59,23
13,27-1110,0.98,2025,11,20,08,29,10
6,15-521,0.37,2025,11,14,11,14,39
5,23-757,2.54,2025,11,17,22,55,01
19,333-1786,1.09,2025,11,25,07,41,58
8,8-432,2.87,2025,11,16,14,18,33
2,70-1590,0.61,2025,11,23,06,11,18
14,20-933,1.48,2025,11,27,11,48,45
1,168-1718,2.19,2025,11,10,18,44,26
11,112-1478,0.82,2025,11,28,07,40,51
7,12-619,1.74,2025,11,19,10,29,07
12,19-1020,0.52,2025,11,30,08,57,30
4,4-612,2.25,2025,11,22,15,58,49
16,25-1045,1.31,2025,11,13,09,36,13
10,14-621,0.68,2025,11,24,21,47,58
20,112-1467,1.56,2025,11,11,11,55,04
15,17-1331,2.92,2025,11,17,15,33,51
3,122-1508,0.49,2025,11,29,20,40,29
18,10-618,1.38,2025,11,12,19,48,33
9,6-899,2.66,2025,11,14,17,54,40
13,27-1120,0.26,2025,11,21,14,31,20
6,15-567,1.47,2025,11,25,04,18,10
5,23-760,2.10,2025,11,10,13,25,58
19,333-1784,0.72,2025,11,23,09,57,12
8,8-411,1.95,2025,11,18,16,51,46
2,70-1594,0.34,2025,11,26,07,12,51
14,20-946,2.76,2025,11,15,15,08,02
1,168-1728,1.02,2025,11,22,12,19,44
11,112-1483,2.63,2025,11,28,10,44,37
7,12-603,1.87,2025,11,13,06,38,11
12,19-1012,0.95,2025,11,20,19,41,28
4,4-640,2.50,2025,11,27,23,28,56
16,25-1100,0.55,2025,11,24,11,59,13
10,14-604,2.43,2025,11,19,18,51,34
20,112-1436,1.29,2025,11,14,16,14,09
