user_id,quantity,year,month,day,hour,minute,second,food_code
15,3.45,2025,1,15,8,23,45,13-146
7,2.89,2025,2,3,12,45,12,14-870
3,5.67,2025,1,28,18,34,56,17-851
12,1.23,2025,3,10,9,12,33,14-342
19,4.56,2025,2,14,14,56,21,15-001
8,6.78,2025,1,5,7,45,9,19-644
2,3.21,2025,4,22,16,23,47,13-532
16,2.45,2025,3,8,11,34,18,17-355
11,7.89,2025,2,19,19,12,54,11-003
5,4.32,2025,1,12,13,45,36,16-386
9,5.43,2025,5,7,15,28,42,13-064
14,2.67,2025,4,15,8,56,19,19-471
1,3.89,2025,3,25,10,34,28,18-009
18,6.12,2025,2,11,17,23,51,13-633
6,4.78,2025,1,30,14,12,44,15-016
20,5.34,2025,6,4,12,45,33,11-821
4,2.91,2025,5,18,9,23,16,19-114
10,7.23,2025,4,9,16,34,57,14-388
13,3.56,2025,3,21,11,45,22,17-764
17,4.89,2025,2,28,13,56,38,11-906
8,6.45,2025,7,12,8,12,45,11-1144
15,2.34,2025,6,26,15,34,29,11-826
3,5.78,2025,5,14,10,45,51,15-700
11,4.12,2025,4,3,18,23,17,19-490
7,3.67,2025,3,17,12,56,43,17-001
19,6.89,2025,2,8,14,12,36,11-740
2,2.45,2025,8,21,9,34,24,16-404
12,5.23,2025,7,5,16,45,58,14-811
16,4.56,2025,6,19,11,23,31,19-470
5,3.78,2025,5,29,13,56,49,16-008
14,7.12,2025,4,11,17,12,22,12-561
9,2.89,2025,3,24,8,34,55,17-665
1,5.34,2025,9,8,15,45,18,12-132
18,4.67,2025,8,16,10,23,46,17-697
6,6.23,2025,7,27,18,56,32,18-308
20,3.45,2025,6,9,12,12,59,19-478
4,5.89,2025,5,23,14,34,27,12-518
10,2.78,2025,4,6,9,45,41,14-326
13,4.12,2025,3,19,16,23,14,16-373
17,6.56,2025,2,13,11,56,52,17-632
8,3.34,2025,10,2,13,12,38,12-566
15,5.67,2025,9,14,8,34,25,19-486
3,4.23,2025,8,28,17,45,50,15-724
11,2.91,2025,7,10,10,23,19,13-628
7,6.78,2025,6,22,15,56,44,11-902
19,5.12,2025,5,4,12,12,31,17-358
2,3.56,2025,4,18,14,34,56,12-337
12,7.45,2025,3,31,9,45,23,11-822
16,4.89,2025,11,15,16,23,48,15-731
5,2.67,2025,10,20,11,56,15,19-547
14,5.34,2025,9,7,18,12,42,15-095
9,6.12,2025,8,19,13,34,29,16-364
1,3.78,2025,7,1,8,45,53,19-591
18,4.45,2025,6,13,15,23,21,12-572
6,5.89,2025,5,27,10,56,47,14-077
20,2.23,2025,4,8,17,12,34,19-526
4,6.56,2025,3,22,12,34,58,17-715
10,3.91,2025,12,5,14,45,26,11-962
13,5.12,2025,11,17,9,23,51,12-950
17,4.34,2025,10,29,16,56,19,19-131
8,7.67,2025,9,11,11,12,45,12-497
15,2.89,2025,8,23,18,34,32,14-090
3,5.45,2025,7,6,13,45,57,16-444
11,4.78,2025,6,18,8,23,24,15-796
7,6.23,2025,5,30,15,56,48,11-1067
19,3.12,2025,4,12,10,12,16,16-041
2,5.67,2025,3,26,17,34,41,11-895
12,4.56,2025,2,7,12,45,28,12-372
16,2.34,2025,1,21,14,23,54,17-107
5,6.89,2025,1,3,9,56,22,13-830
14,3.45,2025,2,16,16,12,49,17-360
9,5.78,2025,3,30,11,34,17,17-640
1,4.23,2025,4,14,18,45,43,14-100
18,7.12,2025,5,26,13,23,35,17-745
6,2.67,2025,6,8,8,56,59,14-107
20,5.34,2025,7,20,15,12,26,13-608
4,4.89,2025,8,2,10,34,52,17-797
10,6.45,2025,9,16,17,45,20,11-1081
13,3.56,2025,10,28,12,23,46,16-057
17,5.23,2025,11,9,14,56,14,19-132
8,2.78,2025,12,21,9,12,40,17-798
15,4.12,2025,1,11,16,34,28,19-021
3,6.67,2025,2,23,11,45,55,14-874
11,5.89,2025,3,7,18,23,23,17-800
7,3.34,2025,4,19,13,56,49,12-510
19,7.23,2025,5,1,8,12,17,11-828
2,4.56,2025,6,15,15,34,44,17-804
12,2.91,2025,7,27,10,45,31,11-739
16,5.45,2025,8,9,17,23,57,17-073
5,6.78,2025,9,21,12,56,25,19-615
14,3.67,2025,10,3,14,12,51,15-528
9,5.12,2025,11,16,9,34,19,16-398
1,4.34,2025,12,28,16,45,46,12-605
18,7.89,2025,1,10,11,23,13,19-642
6,2.45,2025,2,22,18,56,39,13-576
20,5.67,2025,3,6,13,12,56,18-103
4,4.23,2025,4,20,8,34,24,15-186
10,6.12,2025,5,2,15,45,50,13-625
13,3.78,2025,6,14,10,23,18,17-806